1292
1293
1314
1315
1316
1317
1330
1334
1338
1343
1344
1362
1395
1407
1452
1453
1460
1531
1532
1542
1549
1553
1562
1570
1583
1585
1602
1606
1611
1615
1626
1637
1639
1654
1656
1657
1659
1661
1663
1665
1666
1667
1668
1669
1675
1678
1680
1687
1706
1722
1731
1734
1743
1745
1774
1813
1818
1878
1882
1893
1915
1929
1967
2005
2086
2407
4580
4583
4588
4607
4865
5203
5232
5269
5787
5882
5884
5888
5889
5891
5910
5915
5924
5974
5975
5990
6058
6110
6126
7056
7058
7059
7071
7098
7146
7168
7198
7215
7223
7248
7450
7478
7579
7636
7652
7931
8133
8159
8396
8414
8747
8748
8749
